	PLATFORM = 0
	DEVICE= 0
	FINISHPATH=./
	OUTPUTPATH=/home/science/scalar/
	GROUP = 2
	ND = 4
	LT = 16
	LS = 16
	L1 = 16
	N1 = 16
	ITER = 50
	NITER = 10
	NHIT = 10
	BETA = 3.5000000000000e+00
	NAV = 50
	INTS = 1
	PRNG = RANLUX3
	RANDSERIES = 0
	GETWILSON = 1
	WILSONR = 10
	WILSONT = 3
	PL_LEVEL = 3
	OMEGA = 0.0000000000000e+00
	PHI = 3.000000000000e+00
	FMUNU = 1
	Fst = 0
