	PLATFORM = {0, 0}
	DEVICE= {0, 0}
	FINISHPATH=./
	OUTPUTPATH=/home/science/scalar/
	GROUP = 3
	ND = 4
	LT = 4
	LS = 6
	L1 = 12
	N1 = {8, 4}
	ITER = 2
	NITER = 1
	NHIT = 10
	BETA = 6.3690000000000e+00
	NAV = 0
	INTS = 2
	PRNG = RANLUX4
	RANDSERIES = {1420193282, 45}
	WILSONR = 10
	WILSONT = 3
	OMEGA = 0.0000000000000e+00
	PHI = 0.0000000000000e+00
	Fst = 0
	FMUNU = 1
